-0.5 3 1 0 0.9 0 
-0.410968 3.01725 1.00404 -0.088196 0.898941 0.000244051 
-0.321936 3.03449 1.00809 -0.176392 0.897882 0.000488102 
-0.232904 3.05174 1.01213 -0.264588 0.896824 0.000732153 
-0.143871 3.06899 1.01618 -0.352784 0.895765 0.000976205 
-0.0548392 3.08624 1.02022 -0.44098 0.894706 0.00122026 
0.034193 3.10348 1.02426 -0.529176 0.893647 0.00146431 
0.123225 3.12073 1.02831 -0.617372 0.892589 0.00170836 
0.212257 3.13798 1.03235 -0.705568 0.89153 0.00195241 
0.301289 3.15523 1.0364 -0.793764 0.890471 0.00219646 
0.321244 3.25512 1.09442 -0.827104 0.877746 0.0089482 
0.341199 3.35502 1.15245 -0.860444 0.86502 0.0156999 
0.361154 3.45492 1.21047 -0.893785 0.852294 0.0224517 
0.381108 3.55482 1.2685 -0.927125 0.839569 0.0292034 
0.401063 3.65472 1.32652 -0.960465 0.826843 0.0359551 
0.421018 3.75461 1.38454 -0.993805 0.814118 0.0427069 
0.440973 3.85451 1.44257 -1.02715 0.801392 0.0494586 
0.460927 3.95441 1.50059 -1.06049 0.788667 0.0562103 
0.461254 4.04754 1.45857 -0.974784 0.789421 0.0503344 
0.461581 4.14066 1.41656 -0.889083 0.790175 0.0444585 
0.461908 4.23379 1.37454 -0.803382 0.790929 0.0385826 
0.462235 4.32691 1.33252 -0.71768 0.791683 0.0327067 
0.466955 4.41105 1.29095 -0.62797 0.786473 0.0286183 
0.471676 4.49518 1.24939 -0.53826 0.781263 0.02453 
0.476397 4.57932 1.20782 -0.44855 0.776052 0.0204417 
0.481117 4.66346 1.16626 -0.35884 0.770842 0.0163533 
0.485838 4.74759 1.12469 -0.26913 0.765631 0.012265 
0.490559 4.83173 1.08313 -0.17942 0.760421 0.00817667 
0.495279 4.91586 1.04156 -0.08971 0.75521 0.00408833 
0.5 5 1 0 0.75 0 

