-0.5 3 1 0 0.75 0 
-0.481616 3.06297 1.0051 -0.0917154 0.772336 0.0236108 
-0.463231 3.12595 1.01021 -0.183431 0.794673 0.0472217 
-0.444847 3.18892 1.01531 -0.275146 0.817009 0.0708325 
-0.426463 3.2519 1.02042 -0.366862 0.839345 0.0944433 
-0.408078 3.31487 1.02552 -0.458577 0.861681 0.118054 
-0.389694 3.37785 1.03063 -0.550292 0.884018 0.141665 
-0.37131 3.44082 1.03573 -0.642008 0.906354 0.165276 
-0.352926 3.5038 1.04083 -0.733723 0.92869 0.188887 
-0.334541 3.56677 1.04594 -0.825439 0.951027 0.212497 
-0.316157 3.62975 1.05104 -0.917154 0.973363 0.236108 
-0.297773 3.69272 1.05615 -1.00887 0.995699 0.259719 
-0.279388 3.7557 1.06125 -1.10058 1.01804 0.28333 
-0.261004 3.81867 1.06636 -1.1923 1.04037 0.306941 
-0.233699 3.91581 1.07029 -1.11451 1.03155 0.296489 
-0.206394 4.01296 1.07423 -1.03672 1.02272 0.286037 
-0.179089 4.1101 1.07817 -0.958934 1.0139 0.275586 
-0.126851 4.17856 1.07215 -0.88517 0.993598 0.254387 
-0.0746135 4.24701 1.06614 -0.811406 0.973298 0.233188 
-0.0223759 4.31546 1.06013 -0.737642 0.952998 0.211989 
0.0298617 4.38392 1.05411 -0.663878 0.932698 0.19079 
0.0820993 4.45237 1.0481 -0.590113 0.912398 0.169591 
0.134337 4.52082 1.04209 -0.516349 0.892099 0.148392 
0.186574 4.58928 1.03608 -0.442585 0.871799 0.127193 
0.238812 4.65773 1.03006 -0.368821 0.851499 0.105994 
0.29105 4.72619 1.02405 -0.295057 0.831199 0.0847956 
0.343287 4.79464 1.01804 -0.221293 0.810899 0.0635967 
0.395525 4.86309 1.01203 -0.147528 0.7906 0.0423978 
0.447762 4.93155 1.00601 -0.0737642 0.7703 0.0211989 
0.5 5 1 0 0.75 0 

