0.5 3 0.75 0 1.05 0 
0.403447 3.01116 0.779452 -0.109845 1.05906 -0.00986663 
0.306894 3.02232 0.808904 -0.21969 1.06812 -0.0197333 
0.21034 3.03348 0.838357 -0.329535 1.07718 -0.0295999 
0.113787 3.04465 0.867809 -0.43938 1.08624 -0.0394665 
0.0172341 3.05581 0.897261 -0.549226 1.0953 -0.0493331 
-0.0793191 3.06697 0.926713 -0.659071 1.10436 -0.0591998 
-0.175872 3.07813 0.956165 -0.768916 1.11342 -0.0690664 
-0.272425 3.08929 0.985617 -0.878761 1.12248 -0.078933 
-0.301881 3.23937 0.995425 -0.887622 1.11599 -0.101627 
-0.331336 3.38945 1.00523 -0.896483 1.10951 -0.12432 
-0.360791 3.53953 1.01504 -0.905344 1.10302 -0.147014 
-0.390246 3.6896 1.02485 -0.914205 1.09654 -0.169708 
-0.419702 3.83968 1.03465 -0.923066 1.09005 -0.192401 
-0.449157 3.98976 1.04446 -0.931928 1.08357 -0.215095 
-0.478612 4.13984 1.05427 -0.940789 1.07708 -0.237789 
-0.508067 4.28992 1.06408 -0.94965 1.0706 -0.260482 
-0.537523 4.43999 1.07388 -0.958511 1.06411 -0.283176 
-0.566978 4.59007 1.08369 -0.967372 1.05763 -0.30587 
-0.596433 4.74015 1.0935 -0.976233 1.05114 -0.328564 
-0.48679 4.76613 1.05915 -0.87861 1.02103 -0.295707 
-0.377147 4.79212 1.0248 -0.780986 0.990916 -0.262851 
-0.267503 4.8181 0.990449 -0.683363 0.960801 -0.229994 
-0.15786 4.84409 0.956099 -0.58574 0.930687 -0.197138 
-0.0482166 4.87007 0.92175 -0.488116 0.900572 -0.164282 
0.0614267 4.89606 0.8874 -0.390493 0.870458 -0.131425 
0.17107 4.92204 0.85305 -0.29287 0.840343 -0.0985691 
0.280713 4.94803 0.8187 -0.195247 0.810229 -0.0657127 
0.390357 4.97401 0.78435 -0.0976233 0.780114 -0.0328564 
0.5 5 0.75 0 0.75 0 

