-0.5 3 0.75 0 1.05 0 
-0.45902 3.05932 0.783228 -0.141794 1.01353 -0.0414047 
-0.418039 3.11864 0.816457 -0.283588 0.977061 -0.0828093 
-0.377059 3.17796 0.849685 -0.425382 0.940592 -0.124214 
-0.336078 3.23727 0.882914 -0.567177 0.904123 -0.165619 
-0.295098 3.29659 0.916142 -0.708971 0.867653 -0.207023 
-0.254118 3.35591 0.94937 -0.850765 0.831184 -0.248428 
-0.213137 3.41523 0.982599 -0.992559 0.794715 -0.289833 
-0.172157 3.47455 1.01583 -1.13435 0.758245 -0.331237 
-0.131177 3.53387 1.04906 -1.27615 0.721776 -0.372642 
-0.0901962 3.59318 1.08228 -1.41794 0.685307 -0.414047 
-0.0492158 3.6525 1.11551 -1.55974 0.648837 -0.455451 
0.0396947 3.70233 1.22363 -1.60847 0.671882 -0.401144 
0.128605 3.75215 1.33175 -1.6572 0.694927 -0.346836 
0.217516 3.80197 1.43986 -1.70593 0.717972 -0.292528 
0.306426 3.8518 1.54798 -1.75466 0.741017 -0.238221 
0.395337 3.90162 1.6561 -1.80338 0.764062 -0.183913 
0.484247 3.95145 1.76422 -1.85211 0.787107 -0.129605 
0.48556 4.03883 1.6797 -1.69777 0.784014 -0.118805 
0.486873 4.1262 1.59518 -1.54343 0.780922 -0.108004 
0.488186 4.21358 1.51066 -1.38909 0.77783 -0.0972038 
0.489498 4.30096 1.42614 -1.23474 0.774738 -0.0864034 
0.490811 4.38834 1.34163 -1.0804 0.771646 -0.075603 
0.492124 4.47572 1.25711 -0.926057 0.768553 -0.0648026 
0.493436 4.5631 1.17259 -0.771714 0.765461 -0.0540021 
0.494749 4.65048 1.08807 -0.617372 0.762369 -0.0432017 
0.496062 4.73786 1.00355 -0.463029 0.759277 -0.0324013 
0.497375 4.82524 0.919036 -0.308686 0.756184 -0.0216009 
0.498687 4.91262 0.834518 -0.154343 0.753092 -0.0108004 
0.5 5 0.75 0 0.75 0 

