-2 5 0 0 2.4 0 
-1.88528 4.84296 0.00574957 -0.0384757 2.38022 -0.0237534 
-1.77055 4.68591 0.0114991 -0.0769515 2.36044 -0.0475067 
-1.65583 4.52887 0.0172487 -0.115427 2.34066 -0.0712601 
-1.54111 4.37183 0.0229983 -0.153903 2.32088 -0.0950135 
-1.42639 4.21478 0.0287479 -0.192379 2.3011 -0.118767 
-1.31166 4.05774 0.0344974 -0.230854 2.28132 -0.14252 
-1.19694 3.9007 0.040247 -0.26933 2.26154 -0.166274 
-1.08222 3.74365 0.0459966 -0.307806 2.24176 -0.190027 
-0.967496 3.58661 0.0517462 -0.346282 2.22198 -0.21378 
-0.852774 3.42957 0.0574957 -0.384757 2.2022 -0.237534 
-0.738051 3.27252 0.0632453 -0.423233 2.18242 -0.261287 
-0.623328 3.11548 0.0689949 -0.461709 2.16264 -0.28504 
-0.508606 2.95844 0.0747444 -0.500185 2.14286 -0.308794 
-0.393883 2.80139 0.080494 -0.53866 2.12308 -0.332547 
-0.27916 2.64435 0.0862436 -0.577136 2.1033 -0.356301 
-0.237266 2.46088 0.0906407 -0.571693 2.08318 -0.359325 
-0.195371 2.27741 0.0950377 -0.566249 2.06307 -0.36235 
-0.153476 2.09395 0.0994348 -0.560806 2.04295 -0.365375 
-0.111582 1.91048 0.103832 -0.555362 2.02284 -0.3684 
-0.069687 1.72701 0.108229 -0.549919 2.00272 -0.371425 
-0.0277923 1.54354 0.112626 -0.544476 1.98261 -0.37445 
0.0141023 1.36007 0.117023 -0.539032 1.96249 -0.377474 
0.055997 1.17661 0.12142 -0.533589 1.94238 -0.380499 
0.0978916 0.993138 0.125817 -0.528146 1.92226 -0.383524 
0.139786 0.80967 0.130214 -0.522702 1.90215 -0.386549 
0.181681 0.626201 0.134611 -0.517259 1.88204 -0.389574 
0.223576 0.442733 0.139008 -0.511815 1.86192 -0.392599 
0.26547 0.259265 0.143405 -0.506372 1.84181 -0.395623 
0.307365 0.0757971 0.147802 -0.500929 1.82169 -0.398648 
0.34926 -0.107671 0.1522 -0.495485 1.80158 -0.401673 
0.391154 -0.291139 0.156597 -0.490042 1.78146 -0.404698 
0.433049 -0.474607 0.160994 -0.484599 1.76135 -0.407723 
0.289928 -0.62316 0.151523 -0.456093 1.74597 -0.383739 
0.146808 -0.771712 0.142053 -0.427587 1.7306 -0.359755 
0.00368735 -0.920265 0.132583 -0.399081 1.71523 -0.335772 
-0.139433 -1.06882 0.123113 -0.370575 1.69985 -0.311788 
-0.282554 -1.21737 0.113643 -0.34207 1.68448 -0.287804 
-0.425674 -1.36592 0.104172 -0.313564 1.66911 -0.263821 
-0.568795 -1.51447 0.0947022 -0.285058 1.65373 -0.239837 
-0.711915 -1.66303 0.0852319 -0.256552 1.63836 -0.215853 
-0.855036 -1.81158 0.0757617 -0.228046 1.62299 -0.19187 
-0.998156 -1.96013 0.0662915 -0.199541 1.60761 -0.167886 
-1.14128 -2.10868 0.0568213 -0.171035 1.59224 -0.143902 
-1.2844 -2.25724 0.0473511 -0.142529 1.57687 -0.119918 
-1.42752 -2.40579 0.0378809 -0.114023 1.56149 -0.0959348 
-1.57064 -2.55434 0.0284106 -0.0855174 1.54612 -0.0719511 
-1.71376 -2.70289 0.0189404 -0.0570116 1.53075 -0.0479674 
-1.85688 -2.85145 0.00947022 -0.0285058 1.51537 -0.0239837 
-2 -3 0 0 1.5 0 

