-0.5 3 1 0 0.9 0 
-0.481398 3.06937 1.01298 -0.138261 0.910695 -0.0303734 
-0.462797 3.13873 1.02597 -0.276522 0.921389 -0.0607468 
-0.444195 3.2081 1.03895 -0.414784 0.932084 -0.0911202 
-0.425594 3.27747 1.05194 -0.553045 0.942778 -0.121494 
-0.406992 3.34683 1.06492 -0.691306 0.953473 -0.151867 
-0.388391 3.4162 1.07791 -0.829567 0.964167 -0.18224 
-0.369789 3.48557 1.09089 -0.967828 0.974862 -0.212614 
-0.351188 3.55494 1.10388 -1.10609 0.985556 -0.242987 
-0.332586 3.6243 1.11686 -1.24435 0.996251 -0.273361 
-0.313985 3.69367 1.12985 -1.38261 1.00695 -0.303734 
-0.295383 3.76304 1.14283 -1.52087 1.01764 -0.334108 
-0.276782 3.8324 1.15582 -1.65913 1.02833 -0.364481 
-0.25818 3.90177 1.1688 -1.7974 1.03903 -0.394854 
-0.239579 3.97114 1.18179 -1.93566 1.04972 -0.425228 
-0.180876 4.1021 1.17992 -1.85337 1.04266 -0.412182 
-0.122174 4.23307 1.17806 -1.77107 1.0356 -0.399136 
-0.0743142 4.29206 1.16436 -1.63484 1.01363 -0.368433 
-0.0264547 4.35106 1.15067 -1.4986 0.991662 -0.33773 
0.0214048 4.41005 1.13697 -1.36237 0.969693 -0.307028 
0.0692644 4.46905 1.12327 -1.22613 0.947723 -0.276325 
0.117124 4.52804 1.10958 -1.08989 0.925754 -0.245622 
0.164983 4.58704 1.09588 -0.953656 0.903785 -0.214919 
0.212843 4.64603 1.08218 -0.817419 0.881816 -0.184217 
0.260702 4.70503 1.06848 -0.681183 0.859846 -0.153514 
0.308562 4.76402 1.05479 -0.544946 0.837877 -0.122811 
0.356421 4.82302 1.04109 -0.40871 0.815908 -0.0921083 
0.404281 4.88201 1.02739 -0.272473 0.793939 -0.0614055 
0.45214 4.94101 1.0137 -0.136237 0.771969 -0.0307028 
0.5 5 1 0 0.75 0 

