-0.5 3 1 0 0.75 0 
-0.463521 3.03698 1.05872 0.112157 0.736915 -0.0403663 
-0.427041 3.07396 1.11743 0.224314 0.723831 -0.0807326 
-0.390562 3.11094 1.17615 0.336472 0.710746 -0.121099 
-0.354083 3.14791 1.23487 0.448629 0.697661 -0.161465 
-0.317603 3.18489 1.29359 0.560786 0.684576 -0.201832 
-0.281124 3.22187 1.3523 0.672943 0.671492 -0.242198 
-0.244645 3.25885 1.41102 0.7851 0.658407 -0.282564 
-0.208165 3.29583 1.46974 0.897257 0.645322 -0.32293 
-0.171686 3.33281 1.52846 1.00941 0.632237 -0.363297 
-0.135207 3.36979 1.58717 1.12157 0.619153 -0.403663 
-0.0987272 3.40676 1.64589 1.23373 0.606068 -0.444029 
-0.0860768 3.52334 1.67611 1.31981 0.591179 -0.465994 
-0.0773726 3.61211 1.69768 1.3829 0.580169 -0.481702 
-0.0686684 3.70089 1.71925 1.44599 0.569159 -0.497409 
-0.0443772 3.8351 1.69863 1.42076 0.572843 -0.480904 
-0.020086 3.9693 1.67801 1.39553 0.576527 -0.4644 
0.00420511 4.10351 1.65739 1.3703 0.580211 -0.447895 
0.0284963 4.23772 1.63677 1.34507 0.583895 -0.431391 
0.0527874 4.37192 1.61615 1.31983 0.58758 -0.414887 
0.0886704 4.51526 1.57417 1.24526 0.599126 -0.382597 
0.119265 4.56769 1.53255 1.15745 0.61033 -0.354026 
0.14986 4.62012 1.49093 1.06965 0.621535 -0.325455 
0.19988 4.67439 1.4208 0.91684 0.639887 -0.278961 
0.2499 4.72866 1.35067 0.764034 0.658239 -0.232468 
0.29992 4.78292 1.28053 0.611227 0.676591 -0.185974 
0.34994 4.83719 1.2104 0.45842 0.694944 -0.139481 
0.39996 4.89146 1.14027 0.305613 0.713296 -0.092987 
0.44998 4.94573 1.07013 0.152807 0.731648 -0.0464935 
0.5 5 1 0 0.75 0 

