-2 5 0 0 2.4 0 
-1.94551 4.8281 0.0250125 -0.00472155 2.39085 -0.0230591 
-1.89102 4.65619 0.050025 -0.00944311 2.38169 -0.0461183 
-1.83654 4.48429 0.0750376 -0.0141647 2.37254 -0.0691774 
-1.78205 4.31239 0.10005 -0.0188862 2.36339 -0.0922365 
-1.72756 4.14049 0.125063 -0.0236078 2.35424 -0.115296 
-1.67307 3.96858 0.150075 -0.0283293 2.34508 -0.138355 
-1.61858 3.79668 0.175088 -0.0330509 2.33593 -0.161414 
-1.5641 3.62478 0.2001 -0.0377724 2.32678 -0.184473 
-1.50961 3.45288 0.225113 -0.042494 2.31763 -0.207532 
-1.45512 3.28097 0.250125 -0.0472155 2.30847 -0.230591 
-1.40063 3.10907 0.275138 -0.0519371 2.29932 -0.253651 
-1.34614 2.93717 0.30015 -0.0566586 2.29017 -0.27671 
-1.29166 2.76527 0.325163 -0.0613802 2.28101 -0.299769 
-1.23717 2.59336 0.350175 -0.0661017 2.27186 -0.322828 
-1.18268 2.42146 0.375188 -0.0708233 2.26271 -0.345887 
-1.12819 2.24956 0.4002 -0.0755448 2.25356 -0.368946 
-1.0737 2.07766 0.425213 -0.0802664 2.2444 -0.392005 
-1.01922 1.90575 0.450225 -0.084988 2.23525 -0.415064 
-0.964729 1.73385 0.475238 -0.0897095 2.2261 -0.438124 
-0.910241 1.56195 0.50025 -0.0944311 2.21695 -0.461183 
-0.855753 1.39005 0.525263 -0.0991526 2.20779 -0.484242 
-0.801265 1.21814 0.550276 -0.103874 2.19864 -0.507301 
-0.746777 1.04624 0.575288 -0.108596 2.18949 -0.53036 
-0.692289 0.874339 0.600301 -0.113317 2.18033 -0.553419 
-0.637801 0.702436 0.625313 -0.118039 2.17118 -0.576478 
-0.583313 0.530534 0.650326 -0.12276 2.16203 -0.599538 
-0.528825 0.358631 0.675338 -0.127482 2.15288 -0.622597 
-0.474337 0.186728 0.700351 -0.132203 2.14372 -0.645656 
-0.45309 0.00179244 0.698776 -0.104972 2.14013 -0.651823 
-0.431843 -0.183144 0.697201 -0.0777407 2.13653 -0.657991 
-0.410596 -0.36808 0.695627 -0.0505094 2.13293 -0.664159 
-0.389349 -0.553016 0.694052 -0.023278 2.12934 -0.670326 
-0.368102 -0.737952 0.692477 0.0039534 2.12574 -0.676494 
-0.346855 -0.922888 0.690903 0.0311848 2.12214 -0.682662 
-0.325609 -1.10782 0.689328 0.0584162 2.11855 -0.688829 
-0.445208 -1.24298 0.64009 0.0542436 2.07436 -0.639627 
-0.564807 -1.37813 0.590853 0.050071 2.03018 -0.590425 
-0.684407 -1.51329 0.541615 0.0458984 1.986 -0.541223 
-0.804006 -1.64845 0.492377 0.0417258 1.94182 -0.492021 
-0.923605 -1.7836 0.443139 0.0375532 1.89764 -0.442819 
-1.0432 -1.91876 0.393902 0.0333807 1.85346 -0.393617 
-1.1628 -2.05391 0.344664 0.0292081 1.80927 -0.344415 
-1.2824 -2.18907 0.295426 0.0250355 1.76509 -0.295213 
-1.402 -2.32422 0.246189 0.0208629 1.72091 -0.24601 
-1.5216 -2.45938 0.196951 0.0166903 1.67673 -0.196808 
-1.6412 -2.59453 0.147713 0.0125177 1.63255 -0.147606 
-1.7608 -2.72969 0.0984754 0.00834517 1.58836 -0.0984042 
-1.8804 -2.86484 0.0492377 0.00417258 1.54418 -0.0492021 
-2 -3 0 0 1.5 0 

